Results for Linked List based implementation
0.3789999991568038
0.4465000001800945
0.023399999918183312
0.20109999968553893
0.2077999997709412
0.42359999861218967
0.41760000021895394
0.35879999995813705
0.4426000014063902
0.32869999995455146
0.2936000000772765
0.5012000001443084
0.28050000037183054
0.5010000004403992
0.6718999993609032
0.525200000993209
0.5483999993884936
0.46320000001287553
0.4292999983590562
0.45399999908113386
0.1300999992963625
0.38109999877633527
0.43229999937466346
0.19830000019283034
0.02049999966402538
0.48939999942376744
0.47400000039488077
0.4735000002256129
0.4529000016191276
0.30500000138999894
0.11049999920942355
0.3257000007579336
0.48599999900034163
0.5169999985810136
0.5383999996411148
0.4363000007288065
0.2012999993894482
0.33230000008188654
0.4894999983662274
0.45529999988502823
0.46130000009725336
0.38580000000365544
0.37310000152501743
0.1390999987052055
0.07030000051599927
0.6023999994795304
0.4014999994979007
0.31089999902178533
0.4088000005140202
0.14840000039839651
0.36019999970449135
0.32749999991210643
0.08679999882588163
0.34389999927952886
0.3711000008479459
0.35650000063469633
0.24200000007112976
0.1868999988801079
0.32979999923554715
0.3583999987313291
0.30530000003636815
0.340900000082911
0.37459999839484226
0.3464999990683282
0.3240999994886806
0.3161000004183734
0.3606000009312993
0.34720000076049473
0.32640000063111074
0.08739999975659885
0.3357999994477723
0.3675999996630708
0.1869000006990973
0.3094000003329711
0.0624999993306119
0.3178999995725462
0.3634999993664678
0.33819999953266233
0.16909999976633117
0.2547999993112171
0.026799998522619717
0.35029999889957253
0.30329999935929663
0.3436999995756196
0.31320000016421545
0.3023000008397503
0.27749999935622327
0.32620000092720147
0.011399999493733048
0.1785000004019821
0.043000000005122274
0.28310000016062986
0.15750000056868885
0.3150999982608482
0.5400000009103678
0.4487000005610753
0.4315999995014863
0.4284000006009592
0.4789000013261102
0.3966000003856607
Results for Array based implementation
0.08560000060242601
0.08610000077169389
0.00419999923906289
0.024500001018168405
0.03060000017285347
0.08620000153314322
0.08499999967170879
0.08239999988290947
0.08580000030633528
0.08089999937510584
0.03889999970851932
0.08020000132091809
0.01809999957913533
0.07879999975557439
0.07850000110920519
0.07550000009359792
0.0763000007282244
0.07670000013604295
0.04660000013245735
0.0760000002628658
0.015899999198154546
0.04470000021683518
0.0760000002628658
0.02350000067963265
0.002599999788799323
0.07989999903657008
0.07659999937459361
0.07640000148967374
0.0760000002628658
0.07609999920532573
0.019400000383029692
0.07619999996677507
0.07419999928970356
0.0808000004326459
0.07680000089749228
0.04489999992074445
0.02260000110254623
0.03889999970851932
0.07659999937459361
0.035600000046542846
0.07639999967068434
0.08589999924879521
0.08600000001024455
0.014200000805431046
0.00940000063565094
0.07749999895168003
0.07780000123602804
0.0776999986555893
0.07659999937459361
0.01590000101714395
0.045900000259280205
0.07690000165894162
0.013799999578623101
0.07669999831705354
0.07679999907850288
0.07650000043213367
0.04090000038559083
0.029200000426499173
0.13690000014321413
0.08600000001024455
0.08129999878292438
0.04479999915929511
0.07899999945948366
0.08540000089851674
0.08470000102533959
0.08549999984097667
0.08550000165996607
0.08499999967170879
0.07759999971312936
0.015899999198154546
0.07760000153211877
0.07689999983995222
0.03280000055383425
0.07660000119358301
0.011199999789823778
0.051700000767596066
0.07670000013604295
0.07790000017848797
0.03119999928458128
0.04310000076657161
0.004700001227320172
0.07650000043213367
0.07670000013604295
0.07790000017848797
0.0774000000092201
0.07679999907850288
0.07689999983995222
0.07660000119358301
0.002300001142430119
0.02919999860750977
0.007700000423938036
0.07749999895168003
0.0304000004689442
0.07859999823267572
0.079100000220933
0.08010000055946875
0.05229999987932388
0.07999999979801942
0.08020000132091809
0.08029999844438862
